233.91 251.65
196.96 139.39
175.44 39.14
250.32 30.81
195.08 178.41
196.30 151.74
159.40 129.88
152.63 102.24
260.48 169.32
211.69 134.96
218.73 142.34
169.83 260.48
151.03 29.47
242.52 28.75
167.89 168.26
191.88 125.25
166.14 13.30
168.27 182.59
163.42 158.14
237.95 101.97
208.17 143.51
250.04 55.22
247.74 136.68
225.17 40.66
233.91 178.41
153.91 38.17
233.91 106.21
159.20 244.09
199.98 246.61
220.82 114.77
174.38 235.06
204.20 32.43
155.60 31.58
175.82 160.57
203.17 142.86
154.87 40.04
180.91 131.82
230.27 144.75
195.91 40.16
197.52 167.98
235.42 43.23
185.45 151.05
190.20 120.85
207.75 142.35
231.75 170.46
241.58 49.27
195.75 102.50
197.90 126.26
225.32 27.77
246.02 143.77
122.58 92.18
193.18 135.82
218.00 246.62
165.73 95.67
223.92 153.48
247.46 142.40
210.95 22.21
196.30 39.14
205.46 256.68
222.68 241.77
171.78 121.27
250.48 140.11
172.99 37.83
196.49 130.84
192.56 139.14
159.08 151.93
158.84 30.35
148.76 265.77
250.91 101.99
194.17 156.34
244.97 132.30
141.16 139.85
173.11 184.57
250.97 166.28
264.59 24.94
213.04 173.96
218.36 183.62
174.38 150.22
249.19 130.06
170.97 125.95
205.71 98.82
201.03 28.65
163.56 14.90
213.17 113.81
194.12 145.73
198.45 140.29
159.56 150.00
177.82 33.26
198.15 150.17
151.98 102.76
206.60 57.04
164.17 146.46
168.40 169.41
153.56 39.99
259.92 181.53
167.21 158.98
192.36 241.21
227.05 148.53
180.17 125.01
168.55 130.89
193.63 28.53
187.32 145.17
191.48 155.62
199.89 18.03
175.44 39.14
204.98 152.93
261.62 104.11
246.80 100.36
187.99 41.43
163.86 4.76
246.74 127.30
254.23 197.33
252.63 210.92
180.75 161.36
215.56 33.12
146.86 111.61
179.92 111.47
251.46 20.19
147.52 253.46
191.85 37.80
204.49 180.14
169.70 87.89
208.69 105.04
155.01 103.12
177.21 36.31
163.36 137.14
195.68 15.73
188.60 142.98
242.82 147.94
162.81 136.96
248.33 150.48
186.04 269.10
181.33 140.39
163.95 190.73
243.98 141.96
155.60 108.80
180.00 119.97
174.67 36.22
166.04 30.27
230.85 189.65
136.98 234.62
153.11 39.47
187.97 134.57
204.43 38.18
195.06 151.36
185.66 171.72
163.51 25.31
217.02 35.26
193.40 33.55
195.00 178.61
178.51 29.22
221.76 149.52
178.46 54.99
199.43 206.22
160.15 98.23
197.18 163.80
189.12 23.99
233.54 179.28
220.35 77.08
259.75 112.80
233.57 31.36
178.81 102.80
185.08 259.99
263.60 262.51
148.22 107.48
173.63 126.41
157.44 251.20
217.62 120.02
212.99 129.79
199.26 153.75
193.03 99.19
173.75 160.87
185.18 43.32
202.68 39.66
191.19 95.04
139.25 29.50
130.24 154.92
184.91 164.75
162.09 139.72
196.30 178.41
176.84 135.21
190.75 136.59
158.79 36.11
172.64 32.80
194.47 120.69
208.15 254.04
169.15 233.13
174.09 252.74
223.72 24.40
197.14 179.42
196.47 31.49
200.15 163.95
212.34 161.81
204.63 269.64
197.26 31.06
153.02 151.55
217.80 28.25
180.05 102.31
147.41 137.54
224.22 250.14
163.06 243.06
174.20 35.86
233.70 30.43
174.66 250.57
250.07 29.51
233.45 6.57
199.15 138.51
155.41 163.45
180.73 145.33
251.35 98.60
151.20 107.16
158.99 177.86
233.30 130.33
159.61 42.79
259.95 124.40
168.54 28.97
196.41 89.71
182.85 148.04
234.07 103.21
197.40 39.66
213.48 30.36
188.58 40.48
148.37 41.50
248.41 102.88
151.52 184.05
137.81 148.36
167.31 109.54
194.17 28.29
161.09 39.99
197.62 139.78
194.88 153.17
196.76 151.49
144.83 147.88
236.14 35.43
248.44 261.53
205.25 238.10
158.02 119.54
171.81 136.60
175.71 249.19
123.32 21.40
197.33 102.90
164.17 178.56
198.30 142.40
206.72 47.13
213.44 240.42
159.55 29.94
200.09 164.09
175.75 177.31
165.53 253.56
166.10 92.43
190.09 25.87
129.17 119.64
158.96 119.01
251.57 42.92
193.09 133.47
193.56 156.50
169.55 117.47
182.97 55.23
219.21 238.60
176.80 171.36
130.83 23.08
218.28 6.70
180.00 140.23
231.51 141.51
195.40 177.56
259.01 270.40
203.24 174.77
204.82 112.10
159.34 158.99
200.52 145.54
142.42 147.03
226.21 241.81
266.58 256.45
174.28 40.15
180.86 142.55
148.03 265.21
175.33 135.23
183.16 99.11
233.91 130.16
252.40 106.73
159.21 264.08
187.28 140.40
217.86 150.40
195.51 19.08
197.72 180.49
201.64 259.88
195.71 32.11
161.79 147.17
181.84 221.13
244.41 101.54
161.39 233.68
253.84 249.65
189.38 259.17
164.19 150.49
255.33 154.58
193.98 147.05
233.91 30.81
208.19 165.08
174.37 41.78
151.98 158.39
