343.37 97.86
288.75 60.23
49.86 308.63
98.08 328.96
97.39 130.60
285.24 167.21
301.28 113.52
387.11 140.57
91.57 121.24
22.11 110.93
316.34 136.69
49.89 60.74
307.61 173.71
258.94 133.90
294.39 108.09
285.29 143.63
292.73 327.51
318.29 155.79
46.38 168.01
80.04 132.12
79.31 162.88
48.72 97.94
321.85 323.61
298.70 136.92
97.81 164.49
44.52 320.21
287.94 59.84
85.01 119.50
74.36 180.04
366.39 134.59
283.16 126.11
284.37 114.79
294.35 175.66
292.92 133.88
44.94 69.73
311.78 323.36
304.72 122.59
351.07 326.45
378.35 80.07
100.70 114.19
337.55 61.57
381.66 54.71
343.50 309.73
283.47 88.85
302.94 313.67
270.15 43.23
287.04 304.36
282.30 100.13
366.43 76.90
281.52 131.15
110.86 122.39
294.56 138.32
75.67 104.49
341.89 139.99
286.97 114.34
283.09 136.50
344.31 61.11
282.78 138.72
343.15 170.62
71.83 109.86
56.02 314.14
387.04 164.39
303.63 153.36
98.91 91.20
294.84 156.18
368.16 50.09
96.99 122.54
97.78 172.80
278.65 165.14
355.84 126.85
384.26 121.11
343.71 98.66
302.48 100.22
318.64 102.47
334.41 323.75
298.22 188.03
387.52 164.54
109.34 72.97
98.22 90.08
50.59 309.48
343.37 60.23
291.60 166.42
341.61 310.23
385.22 60.12
92.66 149.18
298.44 70.62
299.31 95.04
285.23 168.77
272.06 110.00
45.43 117.21
386.29 309.15
259.63 110.21
298.92 98.36
287.15 97.99
343.93 28.20
274.37 127.93
63.49 141.24
282.53 166.86
336.88 172.24
364.95 335.30
277.97 309.63
101.00 186.40
293.89 151.18
284.90 85.11
383.98 164.78
97.39 60.23
96.32 126.88
306.00 93.48
40.59 155.04
350.08 310.81
101.67 295.87
410.22 322.89
350.78 172.45
356.99 99.95
253.51 114.83
338.73 330.28
285.31 99.12
299.36 40.51
50.00 140.21
385.93 96.74
404.98 113.85
301.28 130.60
101.95 122.33
340.15 111.87
275.14 320.21
98.90 320.75
307.11 82.09
256.51 148.25
363.45 333.01
388.36 105.29
371.08 41.17
340.23 136.97
73.58 99.68
284.21 106.75
50.30 127.11
275.93 61.43
388.57 301.57
285.30 126.83
283.17 320.40
102.73 52.78
303.04 95.40
290.75 139.05
394.39 40.55
350.72 321.89
77.61 40.89
291.35 123.55
103.66 321.69
87.75 153.51
398.68 158.80
388.68 156.84
343.84 308.33
305.20 306.75
274.51 333.19
106.39 86.74
88.75 117.79
96.51 168.60
42.89 304.74
279.05 65.03
346.77 150.74
93.81 310.14
299.21 305.29
342.75 134.02
368.72 180.45
87.37 116.76
324.21 106.07
110.70 330.32
386.83 156.49
298.99 104.75
114.66 119.29
326.71 118.48
90.96 165.06
98.95 306.87
98.08 137.88
307.83 106.46
85.36 312.39
51.20 168.41
343.37 118.33
286.77 58.58
23.66 145.14
295.54 122.05
387.47 98.27
270.03 125.95
285.64 287.89
285.24 167.21
387.86 308.10
362.67 39.60
276.94 77.11
106.99 329.23
389.43 131.59
289.42 127.54
386.25 154.52
304.49 170.30
86.92 171.35
95.98 335.47
294.46 131.71
300.09 132.67
289.32 165.88
286.29 168.97
364.01 102.24
66.65 43.09
46.59 133.98
365.75 120.54
287.03 165.95
390.07 80.44
376.48 121.46
97.96 294.45
304.96 115.51
293.38 325.23
361.90 323.83
94.54 130.71
100.21 109.98
409.31 314.35
388.81 308.19
289.18 99.41
82.90 298.20
276.80 107.37
308.36 138.48
281.32 117.63
108.56 62.74
314.81 311.34
291.21 65.68
345.44 127.46
333.82 125.05
307.13 165.48
99.56 330.97
335.74 309.61
59.43 341.89
340.01 106.24
93.59 61.92
342.79 100.53
91.90 113.41
297.05 133.06
298.12 135.47
286.49 167.90
98.44 147.03
379.34 330.89
61.51 293.72
322.93 121.83
98.09 110.39
338.46 159.49
298.61 156.27
293.26 48.11
111.65 120.98
297.94 104.21
288.94 124.79
382.04 312.86
112.01 97.43
328.54 135.27
287.15 159.80
299.06 149.37
73.70 154.75
383.43 306.31
90.28 142.87
71.04 177.89
41.42 162.70
127.11 129.70
55.82 174.69
86.93 348.30
282.30 101.17
389.99 105.63
301.62 142.91
381.58 321.62
80.76 158.66
347.07 102.93
45.56 58.45
390.46 141.86
97.36 331.37
283.86 104.84
300.96 142.69
287.29 118.26
289.97 118.74
287.04 115.62
104.47 139.17
50.28 309.15
105.28 87.95
282.96 144.30
282.35 301.91
349.86 167.01
277.14 342.21
98.08 97.86
281.84 181.15
387.11 130.60
333.89 115.17
57.42 55.93
279.43 115.45
280.30 319.85
351.21 168.60
91.92 107.36
374.46 129.20
109.47 125.74
81.89 55.35
300.53 308.56
96.82 106.37
285.11 145.61
290.50 62.26
91.39 306.26
399.49 157.80
277.07 39.82
120.15 54.79
338.24 159.16
