29.33 94.42
149.92 354.11
13.65 240.95
252.88 227.42
42.41 75.39
49.14 76.69
10.91 55.54
63.41 145.97
62.36 39.31
-11.56 87.30
91.22 66.10
85.73 121.45
32.28 91.59
38.19 104.23
22.99 133.93
65.13 92.68
75.00 144.99
92.59 66.15
54.56 127.27
-17.83 145.74
44.65 104.26
33.67 45.58
69.90 77.99
35.97 105.07
-19.34 88.14
-10.97 147.89
88.63 57.81
49.36 113.00
53.01 139.16
-17.49 117.38
40.75 76.11
65.30 34.39
-13.61 115.47
36.31 143.38
9.00 116.55
6.05 71.65
47.41 95.63
27.19 116.37
11.41 76.89
69.00 91.08
-21.58 104.23
53.85 116.36
14.10 38.39
-19.86 119.63
8.46 61.60
63.07 112.09
87.21 82.74
-29.75 93.12
60.10 82.59
-3.67 47.27
33.63 33.86
-0.80 71.07
10.35 132.73
-30.24 113.20
60.93 151.66
56.86 58.58
53.21 92.41
30.77 121.44
87.49 67.81
21.85 29.68
-2.20 90.36
14.70 125.32
-7.37 152.14
73.62 148.05
17.71 118.95
2.72 80.79
15.59 30.68
94.65 82.44
-9.84 78.15
-0.28 115.74
8.46 29.20
-40.29 94.12
45.43 58.84
50.73 159.31
-37.11 94.13
1.84 65.56
3.94 130.72
11.43 100.42
26.23 104.14
74.72 105.27
46.43 129.70
-26.18 134.38
-6.47 116.09
10.61 91.16
8.58 47.44
-23.38 95.59
71.13 85.22
8.12 55.18
23.05 40.05
27.79 36.40
40.13 142.43
-20.53 104.03
4.60 73.81
85.08 87.73
139.04 360.18
94.79 332.34
173.91 298.47
120.07 341.09
162.67 330.00
172.45 301.85
171.34 364.37
158.18 338.50
205.81 372.27
160.27 415.10
135.38 384.80
128.84 332.75
186.83 302.34
208.89 362.78
165.57 376.06
143.59 418.89
92.06 333.60
170.64 327.12
177.99 377.08
149.92 422.47
164.10 317.73
136.01 335.67
193.02 337.53
133.47 336.22
135.65 377.46
204.45 362.13
139.97 409.76
114.40 373.92
148.40 388.51
181.04 313.58
103.72 397.72
177.52 342.93
199.93 383.78
168.59 385.28
122.67 333.75
193.30 303.43
183.81 362.21
140.20 389.86
211.78 347.79
116.21 298.97
141.87 383.70
210.22 329.67
168.31 419.45
189.57 339.66
182.82 375.24
82.59 365.85
85.44 358.97
134.16 387.38
180.90 326.38
143.14 423.57
174.62 391.48
204.76 318.21
137.29 400.56
126.36 351.92
103.23 333.73
133.28 292.92
212.80 339.09
152.01 337.35
116.61 395.17
84.58 340.32
166.00 288.09
115.72 399.47
157.84 372.47
105.08 359.09
175.54 395.20
140.81 380.94
120.89 343.24
140.01 404.37
181.79 352.56
128.39 346.05
110.73 386.77
198.22 350.04
133.45 372.02
186.57 391.91
166.19 296.29
164.82 363.31
114.50 303.50
202.66 319.58
208.71 390.41
152.66 367.41
178.35 407.83
164.90 358.25
151.67 329.37
190.58 306.61
92.77 322.23
122.43 362.77
188.26 309.31
176.07 379.24
115.57 345.58
154.61 287.99
74.81 217.42
-26.55 242.55
39.05 299.85
73.39 249.74
-37.06 203.07
-15.43 214.46
42.40 211.30
1.84 236.05
-49.40 216.05
38.49 215.33
39.99 268.12
82.12 230.88
7.27 306.38
-20.75 263.91
25.37 282.56
3.30 255.75
-13.99 206.87
23.92 277.43
64.07 195.83
7.88 236.64
-28.60 259.39
-29.61 253.34
9.34 220.94
-4.82 289.61
-30.64 220.21
-1.08 172.62
-13.59 194.55
62.15 214.46
70.44 279.58
32.06 293.60
64.42 210.84
21.26 265.45
-25.52 294.88
-37.14 256.96
41.04 290.55
33.24 241.21
4.36 234.26
-11.92 268.77
-37.32 284.98
-29.50 187.74
-8.39 223.23
74.72 272.92
19.60 254.74
31.22 214.37
-17.34 261.64
28.53 226.14
0.97 221.01
-21.70 293.43
70.82 218.96
18.21 210.87
19.31 220.85
-35.92 205.27
33.11 296.62
37.36 225.43
-40.00 205.15
51.81 187.45
42.35 220.68
34.23 272.08
4.69 303.87
47.47 233.50
73.56 233.76
19.10 302.34
-20.30 274.17
-14.69 207.24
21.69 305.49
33.25 304.10
-11.33 211.23
67.15 214.14
-29.25 213.94
42.84 298.56
-49.47 264.60
-2.26 278.77
-23.89 181.91
24.30 234.64
57.14 232.18
21.37 286.41
33.99 227.89
-11.77 201.74
-12.21 206.65
20.07 234.10
52.30 220.72
-24.03 212.80
12.51 215.08
42.44 240.57
15.47 189.57
43.14 236.88
-23.07 280.90
1.93 284.06
62.22 244.18
-43.54 247.31
238.21 224.05
255.96 169.46
308.50 201.96
255.55 197.28
212.35 240.19
264.41 235.56
249.71 251.14
210.16 208.78
280.38 222.38
260.62 281.71
201.52 216.58
261.43 257.82
237.78 206.65
200.92 233.19
256.40 277.10
312.76 234.61
269.83 204.52
250.52 174.11
279.80 203.32
237.42 192.43
231.17 219.29
239.90 198.05
277.97 245.82
232.20 253.86
185.93 228.90
286.55 249.47
264.11 287.15
247.95 165.68
234.20 289.56
257.49 162.40
296.23 187.22
296.66 233.46
272.92 186.07
228.33 171.86
209.29 221.80
239.84 186.67
208.99 271.90
307.60 263.24
260.45 182.83
311.21 257.96
318.06 247.33
269.28 271.81
294.14 235.75
314.95 246.38
289.80 194.38
306.00 224.83
237.70 292.21
322.14 229.56
260.66 282.04
238.46 288.97
317.25 224.28
260.09 278.01
218.10 268.79
319.52 210.24
223.19 273.21
217.21 273.03
261.58 248.63
267.54 292.59
210.14 197.79
210.26 191.91
309.43 188.95
205.76 197.17
285.36 180.12
248.36 284.08
252.88 294.06
224.14 171.94
307.98 203.95
292.94 248.39
229.83 268.31
186.85 238.93
245.77 174.17
254.43 183.60
313.80 244.28
199.92 187.86
303.72 222.23
264.23 224.06
228.25 185.48
212.34 249.10
273.35 236.79
256.45 229.62
272.93 192.57
267.11 222.52
252.88 214.62
267.57 182.88
273.67 230.48
310.33 235.35
288.45 286.79
282.24 186.25
306.51 234.82
264.62 238.31
