374.52 309.35
94.15 283.52
297.36 338.59
274.22 341.34
276.44 362.67
225.67 357.67
268.44 44.19
7.30 81.80
352.09 285.80
338.77 304.74
357.22 344.27
375.10 276.78
378.00 284.95
349.14 317.35
349.68 284.17
400.99 284.80
403.65 308.45
392.80 274.82
342.83 327.03
373.02 343.44
398.82 300.98
403.35 332.94
346.75 336.52
349.71 291.49
356.54 332.35
389.37 345.54
373.61 288.76
411.72 301.16
378.73 348.78
394.12 339.00
409.91 305.74
374.20 346.59
400.24 297.03
356.12 284.94
371.07 309.80
358.50 316.86
398.82 279.93
344.03 308.14
399.75 338.30
410.47 294.04
402.86 324.18
358.43 337.90
366.35 292.11
342.35 306.93
369.43 300.68
385.37 303.43
371.24 305.91
405.66 311.97
388.67 292.83
362.58 289.81
361.98 301.76
368.58 304.91
389.39 280.02
382.79 277.85
406.06 303.57
381.91 329.33
394.94 296.75
360.12 323.95
359.53 293.61
359.16 341.77
349.04 287.34
374.52 292.57
392.77 309.92
397.56 339.34
343.29 331.84
372.52 288.85
396.29 307.90
344.81 330.74
353.68 278.41
357.75 319.50
375.22 329.00
345.61 334.78
390.04 345.32
378.89 283.60
357.25 294.16
377.12 272.79
411.69 313.15
356.36 294.75
414.14 305.30
369.99 284.01
402.48 307.49
377.96 323.45
352.18 308.06
388.67 340.63
353.27 305.26
407.42 289.04
391.01 285.34
377.39 286.32
68.53 285.45
64.62 276.74
61.99 264.82
118.64 285.58
109.16 266.30
120.73 295.40
100.99 253.14
89.10 278.91
110.05 318.65
118.42 294.37
94.41 269.27
94.15 276.44
78.79 307.22
78.67 289.32
104.67 300.39
123.03 289.34
72.28 268.36
99.02 273.01
110.14 282.74
107.96 256.27
111.14 258.78
96.70 301.40
99.53 263.04
104.43 314.67
72.89 305.06
106.93 288.43
97.10 266.18
62.83 297.85
107.23 286.40
90.43 298.25
87.51 320.70
111.16 295.99
107.53 249.21
99.63 319.64
102.88 265.52
56.39 283.69
73.70 292.44
108.89 272.30
109.76 291.69
85.21 303.77
71.22 292.57
91.37 274.82
106.25 299.27
77.02 295.85
117.83 268.90
54.23 283.34
71.33 275.43
75.94 299.54
82.56 283.57
90.00 296.51
61.56 289.80
112.06 299.55
73.15 250.49
63.93 265.95
116.99 312.19
89.53 276.38
66.82 285.09
66.36 308.85
69.38 279.65
55.72 293.79
102.63 307.77
125.12 302.64
81.43 309.19
68.11 269.59
123.33 282.61
90.99 275.99
70.31 270.76
62.40 303.52
94.15 311.13
123.79 283.12
73.31 304.64
108.89 281.35
96.92 267.21
75.06 302.87
74.76 263.16
64.23 277.20
66.04 297.30
82.92 252.27
114.13 272.14
95.99 248.92
307.84 342.20
332.94 340.32
289.07 303.21
279.88 341.32
324.23 364.41
306.19 356.01
278.52 347.42
322.83 363.06
308.86 303.72
281.89 345.84
330.12 355.74
277.83 320.16
277.86 333.01
319.01 322.12
279.85 322.06
298.54 305.41
328.92 323.47
273.81 326.53
316.34 371.57
315.86 369.46
314.49 316.28
289.70 377.43
315.10 362.55
279.94 335.24
262.10 343.14
281.67 335.28
301.84 356.98
328.51 316.58
267.11 314.28
300.85 352.91
265.05 352.70
268.56 315.45
293.29 359.22
317.55 339.93
326.75 363.52
313.72 319.49
290.69 317.73
269.32 361.13
307.82 361.71
302.64 310.53
276.26 309.55
303.70 366.77
268.14 344.22
330.92 353.59
280.56 369.67
270.56 343.75
335.36 343.84
280.81 371.98
271.19 352.00
275.37 357.58
319.02 355.07
297.36 378.03
282.39 359.99
274.80 362.28
283.26 363.61
320.34 322.35
295.93 323.90
295.04 345.85
325.31 340.45
307.10 352.24
285.95 345.50
268.69 328.43
308.71 309.47
314.56 333.83
265.08 336.73
300.52 368.18
288.89 347.80
325.55 325.99
309.40 367.92
286.71 358.30
274.48 316.22
278.95 367.00
316.91 367.06
283.86 329.93
312.73 339.34
279.95 310.11
295.29 359.84
275.02 335.71
262.16 330.51
264.16 331.59
281.11 310.68
260.28 350.12
239.14 329.60
267.61 325.64
269.69 362.35
310.01 334.12
261.30 335.71
292.13 355.48
266.58 325.22
275.70 362.28
235.28 341.52
251.96 371.98
293.55 327.69
268.18 317.46
276.74 305.77
269.23 376.36
250.83 355.50
248.07 356.54
255.73 359.43
295.28 333.24
256.82 376.45
291.57 360.56
257.93 323.62
258.65 362.77
256.08 320.90
297.93 331.24
267.02 335.12
253.81 374.72
292.06 327.77
263.18 335.69
273.37 341.85
295.27 322.50
262.44 314.68
261.18 345.96
295.82 361.38
235.03 339.09
255.29 315.29
311.32 327.82
284.61 336.58
261.03 372.69
284.62 334.92
281.29 353.63
245.44 325.95
265.41 335.69
262.00 309.16
273.86 328.02
251.75 364.93
250.67 339.57
285.61 310.52
274.22 372.48
254.62 344.76
276.87 323.84
259.39 369.98
251.56 346.12
290.09 327.88
240.14 345.74
251.85 328.86
278.41 375.01
278.15 344.22
269.72 328.11
304.89 324.59
250.63 313.29
276.66 325.23
305.96 322.51
292.39 374.26
275.99 324.73
275.21 330.14
303.13 321.67
241.83 357.93
281.55 357.56
297.55 313.09
262.93 306.07
287.80 357.21
266.76 375.92
262.14 319.91
238.41 341.19
259.90 320.88
295.96 327.11
308.21 323.54
276.79 305.11
264.57 383.72
242.30 372.44
290.31 394.85
293.07 343.24
303.90 336.28
266.27 400.08
266.31 334.51
266.75 398.28
303.25 351.81
267.14 336.82
277.12 401.16
262.29 340.85
269.09 373.57
292.81 365.08
297.45 374.64
275.33 365.76
287.84 364.35
266.58 366.56
262.75 386.96
273.19 348.80
284.30 346.45
251.77 353.43
278.93 390.75
264.24 374.60
248.00 360.53
301.40 337.82
290.22 356.07
262.17 351.21
298.02 388.81
268.68 366.06
265.59 353.95
293.31 332.10
310.81 364.96
260.09 355.88
303.03 390.10
306.08 380.97
274.95 329.05
307.12 368.86
265.51 355.10
285.43 350.53
243.64 372.37
272.85 377.98
273.19 342.47
247.80 377.34
251.29 338.08
275.40 379.36
240.53 366.66
255.32 331.34
260.80 343.39
282.22 383.24
242.79 364.01
243.40 359.59
294.70 348.77
289.53 384.52
274.83 326.30
306.69 388.80
291.88 376.01
284.91 400.36
312.33 349.59
299.32 354.79
280.18 370.95
237.79 368.71
260.59 340.86
299.50 346.98
239.58 377.99
241.66 377.85
300.35 366.62
271.55 387.48
284.14 351.46
252.42 353.68
261.17 358.16
263.57 326.89
246.08 362.54
275.16 391.61
247.20 388.38
267.21 361.07
276.44 329.30
306.61 373.67
279.26 352.65
251.65 393.24
257.65 358.66
229.49 359.14
247.38 332.75
223.98 367.07
237.78 370.61
244.03 352.93
228.15 392.72
253.53 376.62
230.40 390.87
226.83 390.47
242.74 365.48
219.15 362.90
211.05 330.62
255.70 340.56
206.65 383.84
239.14 355.19
243.62 387.63
246.63 360.18
212.11 342.39
192.69 358.40
255.54 336.56
250.19 361.05
198.15 360.23
195.28 364.08
222.85 362.88
199.54 367.98
223.16 389.02
241.91 356.87
220.09 396.78
255.56 361.25
222.36 391.51
236.16 368.49
214.03 328.58
241.36 354.50
230.81 341.07
256.06 373.58
237.68 331.73
233.52 363.21
216.99 365.57
241.45 321.06
219.61 366.65
209.54 347.31
193.11 369.21
206.58 333.26
239.25 350.55
230.28 340.09
232.72 379.07
207.00 360.92
209.41 385.34
194.42 340.24
239.85 348.02
214.47 349.31
208.48 347.67
194.89 368.58
238.62 386.31
216.36 326.70
253.52 380.46
249.38 336.44
221.21 341.28
247.91 351.09
239.08 323.26
259.25 359.30
221.07 377.29
188.05 362.52
211.08 328.25
213.81 354.72
207.13 355.27
239.52 389.80
236.50 324.82
212.35 340.64
241.17 348.83
234.69 392.06
216.30 382.34
243.54 390.04
207.14 389.22
206.91 341.47
201.62 366.67
224.76 323.37
206.41 348.65
241.64 339.98
262.20 63.69
253.95 60.52
240.72 38.85
264.85 47.35
284.86 11.79
251.27 62.87
288.99 62.57
252.89 68.18
272.32 18.61
283.49 10.92
246.09 14.54
247.49 56.37
263.20 68.53
278.92 21.55
300.63 42.62
282.38 11.87
260.76 74.56
292.95 59.92
269.42 57.93
273.13 33.31
255.80 18.67
272.64 26.97
299.93 58.26
250.41 34.95
270.32 47.73
298.08 47.21
300.64 38.87
267.71 71.77
286.99 35.90
273.33 34.95
258.10 29.96
299.48 29.31
254.79 18.92
230.60 36.20
278.01 42.08
247.60 10.09
268.44 74.89
257.51 74.62
296.43 28.90
277.20 40.82
275.42 61.19
234.37 51.38
250.12 15.92
254.22 42.35
283.81 31.15
239.96 52.34
267.24 31.87
250.84 37.59
240.49 59.78
244.81 24.50
289.99 17.14
282.71 60.55
274.76 53.04
250.23 51.75
260.95 9.43
275.82 27.07
289.46 69.63
303.37 35.84
269.71 67.91
288.44 36.09
271.08 65.33
296.51 62.56
237.57 39.37
273.68 29.21
269.75 7.41
275.13 30.99
284.26 49.33
274.38 21.56
240.12 19.28
248.78 71.25
306.34 45.36
293.39 17.53
243.08 24.53
284.41 44.68
263.80 20.65
280.44 61.01
294.90 19.65
259.44 8.60
269.80 82.58
252.27 11.55
27.87 76.88
26.58 101.69
7.41 88.37
-6.90 48.06
-8.00 50.94
-29.93 81.96
15.20 107.27
-1.99 65.32
18.61 47.51
44.99 93.31
-29.88 86.60
-4.57 100.10
31.04 95.32
-2.77 108.31
33.84 82.62
6.47 50.57
1.97 77.52
44.78 91.46
13.74 74.27
4.23 55.28
25.75 65.28
7.04 110.33
12.23 85.70
-29.26 90.19
6.71 84.32
-3.89 55.21
26.47 99.58
0.62 112.77
1.17 67.93
-26.82 100.83
-1.83 88.37
-22.45 70.05
36.83 80.36
14.23 97.87
-10.54 106.35
8.18 106.63
33.40 93.47
14.75 75.70
10.60 83.68
20.78 87.54
33.90 68.47
-12.75 62.19
-1.78 82.32
8.78 65.04
-14.32 48.45
33.78 91.99
33.04 61.48
22.48 108.19
-6.12 86.56
-10.72 90.63
-0.08 56.44
-22.22 76.66
-0.91 89.28
23.73 47.89
-1.49 78.15
36.74 74.77
44.36 96.82
20.38 71.84
17.11 113.42
-10.44 59.93
-23.41 88.85
-1.05 96.61
20.85 84.29
-1.64 72.07
16.68 69.12
30.21 106.28
24.21 103.83
24.92 55.14
2.93 64.53
16.90 70.58
-8.42 94.89
38.08 85.50
38.53 63.27
-5.60 78.35
0.18 87.12
10.38 98.22
-16.88 58.98
19.70 55.00
17.55 50.70
-2.35 67.49
