60.94 22.88
110.98 59.52
62.71 76.30
261.79 259.95
278.67 300.49
87.50 101.79
233.21 180.82
251.97 208.72
229.93 253.02
150.10 200.06
346.09 295.82
238.39 263.44
77.53 33.37
358.05 366.31
275.53 236.05
269.92 277.76
36.80 46.53
36.88 79.98
388.25 380.27
310.03 278.44
290.68 299.49
362.73 351.42
85.99 84.52
208.24 227.79
199.20 250.61
105.54 91.70
65.39 75.72
352.47 373.06
65.50 29.70
279.62 268.55
196.22 180.78
240.19 276.20
245.83 226.39
79.83 29.58
259.68 260.12
234.70 232.27
381.27 336.02
359.93 330.96
177.82 179.34
259.42 236.26
137.65 136.55
61.20 6.16
4.73 27.86
339.27 382.04
245.42 191.74
290.36 282.98
358.66 334.01
71.42 22.88
256.79 205.15
308.91 305.61
307.17 278.48
81.88 107.44
23.50 49.89
375.77 369.43
217.19 183.45
388.26 373.68
249.87 255.20
85.70 44.60
133.69 88.46
81.19 83.96
172.87 170.03
344.96 343.49
228.98 255.84
267.32 248.51
124.86 173.79
234.78 198.85
292.02 345.19
196.35 220.07
67.74 36.99
220.64 188.90
316.02 347.12
22.63 53.98
298.32 338.53
109.43 114.39
41.89 85.54
122.48 170.91
78.79 58.99
302.56 290.16
164.01 199.82
76.99 102.24
7.09 1.67
132.13 137.24
323.39 326.59
375.76 325.73
71.16 14.62
229.15 251.46
292.83 258.53
229.12 277.12
254.80 219.47
283.44 271.30
165.99 180.53
163.79 136.69
13.08 6.83
12.12 31.78
238.64 271.17
232.78 259.51
187.92 172.86
209.56 262.94
298.83 258.56
102.97 63.92
