352.75 315.47
228.91 356.06
171.05 219.62
284.24 237.89
338.87 390.75
306.07 371.48
223.94 224.49
272.56 211.45
146.71 238.49
352.60 221.33
356.57 216.38
287.34 358.60
352.75 219.62
306.78 318.79
230.74 311.43
229.70 225.90
226.78 238.06
287.08 314.74
348.57 216.94
359.78 315.69
349.34 215.27
364.10 245.18
233.28 358.06
353.35 354.11
181.65 313.53
346.39 239.49
221.97 315.44
170.46 236.34
284.24 356.06
351.36 230.86
247.05 211.49
190.31 208.75
286.52 242.94
225.36 210.26
191.42 230.06
156.62 216.58
275.52 214.92
225.83 219.34
286.83 373.15
203.10 319.32
368.59 364.00
225.61 218.99
226.89 233.82
227.34 356.51
351.16 311.89
153.42 221.26
279.71 201.73
169.82 218.57
278.47 223.47
371.31 265.98
268.93 324.01
228.48 216.35
161.80 342.69
378.75 228.93
247.87 342.67
226.84 244.79
165.68 239.33
323.54 362.77
168.00 211.60
347.58 350.82
353.55 237.04
243.70 226.23
176.82 203.12
372.33 353.36
344.42 204.85
229.17 322.62
170.19 354.33
165.51 339.76
261.71 209.92
257.38 235.50
286.01 316.15
290.62 303.42
336.74 212.64
157.26 344.98
360.11 241.75
162.28 309.40
236.00 217.93
235.26 220.90
228.68 219.93
166.89 302.46
168.82 356.19
232.05 219.67
267.73 228.46
352.99 235.94
239.74 324.66
171.05 219.62
352.60 315.42
353.01 238.75
370.79 357.26
163.77 347.85
235.44 357.26
189.27 214.93
239.01 381.97
184.78 315.29
283.55 315.99
180.11 211.22
258.75 294.40
272.88 234.14
274.92 237.19
371.70 213.09
