270.56 8.41
311.37 106.51
284.02 101.93
67.26 41.43
283.75 356.31
212.60 7.07
214.29 287.91
265.95 365.98
212.52 103.53
287.85 360.86
323.95 44.42
278.28 335.42
276.65 54.55
263.77 43.37
321.68 23.00
295.28 277.85
246.29 349.27
267.51 54.23
323.62 111.73
305.56 -16.25
297.54 132.44
203.11 277.58
321.51 34.04
275.83 278.50
300.29 12.51
213.56 40.66
296.19 372.51
212.85 73.86
202.39 308.51
81.74 12.83
67.40 352.32
269.93 57.14
203.39 105.37
284.05 6.85
335.18 42.57
224.47 113.20
207.62 13.20
310.82 105.78
77.51 17.96
265.33 0.44
246.68 104.66
63.61 0.13
311.99 90.30
208.56 102.38
310.30 -3.88
279.69 16.83
280.71 31.45
221.17 30.63
48.91 2.69
288.04 88.09
305.44 22.19
307.45 3.62
326.40 354.10
284.35 97.99
304.86 125.67
261.61 339.78
270.22 116.83
205.59 335.67
62.23 58.08
229.48 250.89
67.31 41.61
227.19 -2.30
286.52 37.98
238.06 126.18
228.54 65.38
72.82 25.21
285.07 105.51
315.69 -12.52
279.06 289.57
329.80 -25.22
211.12 306.52
70.31 286.38
208.33 289.16
310.24 108.19
224.30 313.76
271.59 14.49
303.72 30.18
185.18 4.65
304.54 85.06
222.56 293.53
70.80 102.91
298.34 21.95
287.89 35.76
215.15 -27.54
263.76 354.04
291.99 -9.89
302.45 22.11
202.29 46.67
278.69 346.81
315.28 87.93
307.49 286.87
249.15 123.71
268.47 8.28
52.13 32.56
198.41 282.59
268.10 69.54
299.05 42.06
270.79 102.19
285.48 42.11
211.14 74.24
294.97 57.82
284.23 86.24
274.82 49.85
328.41 97.54
208.01 31.03
272.11 107.61
246.65 268.71
278.83 80.54
291.87 29.63
254.10 14.07
214.13 100.94
289.50 99.12
312.52 39.44
257.84 289.40
312.39 13.11
218.15 104.96
283.67 42.12
220.49 -2.48
62.14 84.32
313.31 108.10
229.58 42.44
280.52 104.14
244.21 66.81
288.55 18.66
248.13 30.72
270.98 8.35
245.40 295.35
283.34 78.90
262.97 319.45
306.22 24.33
302.62 66.92
247.09 12.07
341.21 14.20
306.67 20.71
270.34 287.15
51.65 113.33
252.21 100.97
213.39 63.58
72.27 371.50
285.82 8.15
229.29 31.61
320.61 274.26
265.35 -10.75
281.64 -0.16
240.25 31.65
283.10 7.40
288.49 16.94
221.16 48.51
43.58 99.30
284.58 108.77
208.01 102.65
76.28 129.27
269.02 126.66
309.67 7.56
270.56 287.91
62.24 11.81
213.90 107.05
285.28 -0.39
317.37 52.77
283.27 280.28
355.01 -6.26
238.91 94.65
196.93 77.53
226.08 34.04
63.49 15.00
270.74 44.17
308.32 286.14
295.66 118.65
280.20 -8.36
287.99 34.62
312.11 92.92
271.00 285.53
298.61 8.66
318.10 36.68
59.53 124.01
211.79 87.95
269.91 34.37
205.60 129.63
277.06 -3.87
302.64 101.27
264.92 110.14
284.52 56.31
278.86 3.35
222.55 95.87
71.06 5.52
217.11 47.52
267.10 -0.87
303.79 16.09
292.90 5.70
313.92 48.34
271.94 106.63
296.48 17.08
273.71 91.40
278.71 20.34
227.34 105.01
228.01 17.31
269.03 97.99
263.04 22.49
198.24 40.22
324.29 36.46
50.11 308.31
300.46 49.44
246.65 56.88
282.96 30.55
71.63 3.86
269.14 14.88
313.30 24.14
232.54 29.68
308.77 278.34
40.01 -0.71
276.58 8.25
223.56 38.52
270.19 287.85
186.25 14.11
214.11 -2.90
272.88 279.06
284.23 102.74
281.97 100.61
205.67 65.14
315.80 8.86
224.11 27.50
271.12 12.43
293.55 11.19
308.28 1.80
300.25 1.75
216.31 27.29
252.05 316.45
274.90 -4.60
301.13 99.77
242.09 339.52
261.48 359.53
74.02 -15.60
285.53 359.54
231.99 111.07
311.37 346.54
39.65 86.53
305.76 -2.58
218.02 30.19
182.56 -15.77
280.96 367.05
67.26 356.31
275.10 110.75
284.02 41.43
76.74 86.12
286.51 90.60
203.72 -11.99
312.28 356.61
284.50 8.84
233.83 343.76
311.70 -11.43
74.98 102.12
283.57 107.26
198.88 291.97
273.64 107.08
292.91 344.81
285.90 123.03
63.44 290.32
322.55 104.62
228.09 100.87
307.72 110.25
212.66 30.30
293.88 354.06
77.12 13.13
311.70 17.69
70.70 263.77
277.23 54.57
243.86 5.60
282.55 18.88
308.84 13.82
233.09 12.17
206.89 360.59
287.86 36.62
213.08 6.47
295.41 52.49
79.76 -18.58
205.06 262.81
289.09 112.92
268.39 44.42
217.19 246.97
314.56 72.00
73.72 35.22
59.37 31.34
264.49 -13.30
273.47 41.73
300.10 -15.91
309.73 25.68
182.05 23.38
295.66 37.96
309.38 112.04
54.58 82.02
290.08 12.16
276.48 109.88
243.14 103.43
282.14 108.00
60.11 101.65
327.31 112.86
324.88 92.08
62.87 120.23
282.73 107.15
267.52 91.49
283.13 352.79
285.31 99.16
215.81 112.32
212.60 29.93
311.36 289.25
67.61 36.56
64.21 342.15
231.83 53.78
288.24 51.71
306.88 34.59
219.88 303.91
275.47 12.33
333.72 85.54
68.90 28.12
207.84 337.49
270.51 356.25
279.56 50.39
300.52 311.92
292.80 28.83
197.71 46.33
313.50 4.54
295.29 327.79
56.85 -11.70
341.21 55.73
278.43 99.56
78.95 -0.44
280.58 47.10
85.91 286.34
255.78 60.09
323.07 35.55
282.38 100.95
206.18 69.89
260.44 33.07
311.88 7.96
293.10 21.91
200.07 326.53
292.56 305.91
265.50 98.42
211.54 41.73
286.63 101.82
61.53 288.24
216.00 107.60
271.23 63.58
281.56 93.47
275.14 32.47
75.95 96.99
273.48 23.86
213.04 36.09
302.93 296.27
182.38 20.40
270.56 101.93
295.76 108.72
284.49 288.52
208.05 269.54
316.76 32.63
270.20 37.47
327.33 -7.34
214.49 107.38
280.02 59.52
191.20 261.52
204.07 1.59
286.71 293.85
279.98 39.08
300.67 103.58
203.29 31.63
267.39 30.65
87.70 109.34
282.27 343.54
300.75 285.87
277.05 87.57
194.41 5.30
253.77 19.20
74.04 12.92
310.67 354.74
66.73 30.20
308.39 291.45
64.09 295.44
208.48 81.05
241.55 78.24
219.38 108.39
216.16 99.86
66.89 288.83
244.78 282.87
298.50 43.36
193.53 112.11
193.30 56.54
268.25 385.15
295.22 9.95
212.89 29.79
199.16 78.52
209.74 109.55
269.41 7.17
307.41 280.62
212.80 95.48
288.54 30.72
253.52 295.71
278.12 31.06
309.62 13.49
46.20 111.80
295.57 56.83
196.43 360.63
210.94 354.93
274.80 38.20
283.03 13.92
306.76 357.31
222.18 105.07
290.50 28.97
270.08 11.90
284.28 29.87
283.20 308.64
208.06 14.72
303.79 9.11
215.78 30.69
260.24 354.52
75.02 -22.49
65.64 356.44
278.76 84.61
260.54 32.41
283.05 340.62
330.35 98.82
72.15 338.94
231.84 111.47
278.24 93.12
202.07 5.71
54.16 356.37
297.30 33.96
44.89 16.38
190.36 94.25
258.46 68.29
263.42 374.15
333.47 329.68
293.00 20.54
295.30 -7.75
235.53 287.20
320.44 12.02
57.26 -12.70
259.76 61.65
290.82 16.29
230.44 101.58
213.65 30.49
212.60 287.91
263.07 82.84
36.05 360.34
291.63 282.12
297.67 356.64
40.46 114.19
218.51 38.86
271.19 106.05
257.54 91.84
319.77 -1.76
59.89 12.69
295.11 97.10
289.55 320.94
242.25 304.30
314.63 11.81
284.36 31.72
273.06 12.69
296.20 99.73
222.66 36.29
318.26 286.39
259.83 -10.48
272.24 -7.22
267.26 270.60
296.04 280.02
322.28 112.20
262.79 32.84
307.51 298.65
328.07 7.29
275.76 24.52
208.48 31.86
214.23 9.40
211.91 30.77
310.12 348.53
294.42 100.49
286.95 35.86
248.49 68.75
214.05 361.85
258.89 7.85
268.61 2.33
296.86 104.25
288.09 -4.09
226.19 296.30
208.61 282.42
200.45 100.89
67.30 355.67
274.45 116.27
299.45 23.64
293.82 294.38
311.03 102.49
86.97 33.18
284.29 26.16
299.85 7.41
192.93 -6.57
298.25 109.17
226.28 30.24
261.54 130.11
292.97 134.54
80.70 107.89
296.67 108.23
251.70 99.83
278.51 127.50
313.85 41.73
87.11 370.34
260.09 362.63
283.39 16.50
311.18 91.05
73.74 22.36
281.99 -3.86
67.77 41.02
298.50 29.93
266.24 354.37
305.49 5.72
302.34 0.11
265.73 144.54
320.43 49.51
56.56 56.72
212.60 106.51
242.46 136.57
57.33 38.10
85.14 128.16
70.55 102.66
296.03 47.29
195.28 -0.44
298.97 49.42
319.10 7.62
282.03 126.91
208.92 100.48
265.82 31.44
232.02 8.17
302.22 100.34
288.12 327.44
249.45 19.76
289.56 285.90
259.79 350.81
206.06 90.62
271.98 8.67
317.01 112.89
289.83 30.73
214.73 103.01
269.23 101.05
256.14 89.92
277.53 31.06
277.58 256.64
215.57 109.29
330.97 46.85
280.98 272.73
303.15 284.05
67.76 36.68
63.10 -1.49
298.95 10.68
251.05 104.00
296.83 54.68
328.12 326.75
70.12 124.84
269.20 39.74
270.91 -3.01
283.06 -7.20
304.87 99.18
54.19 105.42
202.55 321.77
207.06 366.15
292.46 51.15
213.87 117.94
87.78 41.70
291.76 64.12
62.42 -13.61
220.30 100.38
308.53 -37.32
257.57 293.30
280.07 349.85
290.26 -21.88
227.01 37.67
313.35 48.48
272.54 358.36
270.32 8.02
94.37 24.02
289.31 43.74
272.04 116.62
232.44 28.87
276.17 24.99
298.00 356.93
75.57 329.55
297.23 14.12
270.11 102.84
299.71 10.24
315.32 42.66
71.91 357.08
284.67 7.29
223.61 0.34
310.87 337.53
67.26 29.93
213.25 5.66
293.94 369.82
283.38 20.77
306.06 281.39
257.07 37.99
193.30 26.19
213.24 24.93
309.27 99.05
