81.05 39.42
139.09 182.31
175.12 157.44
315.64 371.17
245.77 230.80
333.07 337.23
91.88 108.71
247.47 235.95
373.45 363.91
33.35 52.37
135.19 167.89
264.52 275.20
263.18 302.19
314.85 260.82
138.49 130.99
312.95 262.57
228.82 181.12
211.16 253.58
282.48 276.74
259.27 282.91
233.43 199.90
295.20 244.40
178.25 177.39
21.09 69.80
49.00 78.74
163.28 134.57
70.79 75.51
180.56 201.43
326.98 350.04
4.65 8.92
189.34 180.41
305.73 253.14
141.30 138.61
206.33 152.83
165.89 139.38
276.13 300.57
304.02 317.78
109.57 83.89
128.75 117.04
45.88 15.57
241.25 285.78
165.62 169.10
260.50 242.96
125.94 80.40
122.08 82.10
392.65 366.03
274.07 251.78
76.92 30.82
204.70 243.36
340.85 341.49
371.77 366.89
231.44 269.83
373.75 396.28
215.98 208.79
27.10 35.76
299.97 277.06
357.13 371.36
21.17 71.79
165.72 144.29
32.04 63.07
238.65 268.99
336.06 375.77
239.28 225.56
191.74 162.19
165.87 142.49
132.53 98.63