0.00 0.00
0.00 0.00
0.00 0.00
0.00 0.00
193.53 202.89
61.52 81.02
0.00 0.00
0.00 0.00
0.00 0.00
0.00 0.00
0.00 0.00
0.00 0.00
147.23 122.90
64.57 67.68
26.36 48.24
0.00 0.00
0.00 0.00
0.00 0.00
208.47 191.66
0.00 0.00
0.00 0.00
0.00 0.00
0.00 0.00
0.00 0.00
0.00 0.00
335.84 331.78
0.00 0.00
0.00 0.00
0.00 0.00
0.00 0.00
71.39 99.80
0.00 0.00
0.00 0.00
0.00 0.00
0.00 0.00
0.00 0.00
0.00 0.00
0.00 0.00
0.00 0.00
0.00 0.00
0.00 0.00
0.00 0.00
0.00 0.00
0.00 0.00
0.00 0.00
157.49 180.34
0.00 0.00
0.00 0.00
335.09 382.66
0.00 0.00
0.00 0.00
0.00 0.00
204.13 207.87
122.13 159.32
141.17 156.94
0.00 0.00
0.00 0.00
0.00 0.00
0.00 0.00
0.00 0.00
0.00 0.00
0.00 0.00
0.00 0.00
0.00 0.00
0.00 0.00
0.00 0.00
0.00 0.00
0.00 0.00
0.00 0.00
0.00 0.00
121.76 105.05
0.00 0.00
62.17 40.12
0.00 0.00
0.00 0.00
0.00 0.00
0.00 0.00
232.39 184.44
0.00 0.00
0.00 0.00
230.32 174.06
0.00 0.00
0.00 0.00
0.00 0.00
0.00 0.00
0.00 0.00
0.00 0.00
0.00 0.00
0.00 0.00
100.41 123.62
136.78 126.16
0.00 0.00
0.00 0.00
0.00 0.00
0.00 0.00
0.00 0.00
54.01 9.80
0.00 0.00
0.00 0.00
0.00 0.00
0.00 0.00
0.00 0.00
0.00 0.00
0.00 0.00
291.40 282.29
0.00 0.00
346.65 350.98
357.21 395.19
323.95 273.00
0.00 0.00
0.00 0.00
165.17 126.59
162.52 164.07
0.00 0.00
324.37 321.34
127.94 130.57
0.00 0.00
0.00 0.00
240.66 232.10
0.00 0.00
0.00 0.00
173.82 193.25
0.00 0.00
147.12 196.50
0.00 0.00
136.59 190.26
0.00 0.00
75.47 95.62
387.44 369.04
0.00 0.00
0.00 0.00
0.00 0.00
0.00 0.00
0.00 0.00
0.00 0.00
0.00 0.00
74.10 59.38
0.00 0.00
0.00 0.00
153.89 117.84
56.05 97.53
0.00 0.00
119.55 69.06
0.00 0.00
0.00 0.00
0.00 0.00
0.00 0.00
270.12 265.26
0.00 0.00
0.00 0.00
0.00 0.00
0.00 0.00
0.00 0.00
0.00 0.00
0.00 0.00
0.00 0.00
91.00 122.08
0.00 0.00
162.17 134.91
0.00 0.00
0.00 0.00
0.00 0.00
172.10 146.30
0.00 0.00
85.59 56.42
0.00 0.00
0.00 0.00
193.45 197.65
0.00 0.00
0.00 0.00
0.00 0.00
0.00 0.00
189.69 155.50
211.56 245.87
0.00 0.00
0.00 0.00
0.00 0.00
0.00 0.00
0.00 0.00
0.00 0.00
0.00 0.00
266.30 281.02
244.97 247.68
0.00 0.00
0.00 0.00
0.00 0.00
142.67 197.29
98.06 56.19
0.00 0.00
225.36 272.88
0.00 0.00
0.00 0.00
284.75 333.12
0.00 0.00
0.00 0.00
0.00 0.00
0.00 0.00
354.65 330.94
0.00 0.00
0.00 0.00
0.00 0.00
0.00 0.00
0.00 0.00
0.00 0.00
0.00 0.00
0.00 0.00
0.00 0.00
163.18 194.40
0.00 0.00
191.60 183.63
342.04 344.48
0.00 0.00
288.23 274.78
0.00 0.00
0.00 0.00
0.00 0.00
0.00 0.00
0.00 0.00
0.00 0.00
40.98 83.73
0.00 0.00
0.00 0.00
0.00 0.00
0.00 0.00
0.00 0.00
0.00 0.00
0.00 0.00
278.09 291.49
0.00 0.00
0.00 0.00
0.00 0.00
171.52 120.87
0.00 0.00
0.00 0.00
0.00 0.00
0.00 0.00
0.00 0.00
0.00 0.00
302.40 347.28
0.00 0.00
0.00 0.00
0.00 0.00
0.00 0.00
0.00 0.00
0.00 0.00
170.40 188.60
303.62 341.30
0.00 0.00
67.76 80.26
188.38 197.84
193.32 201.37
0.00 0.00
0.00 0.00
0.00 0.00
0.00 0.00
297.36 281.47
0.00 0.00
0.00 0.00
0.00 0.00
0.00 0.00
0.00 0.00
0.00 0.00
0.00 0.00
0.00 0.00
0.00 0.00
0.00 0.00
340.33 326.05
0.00 0.00
75.79 90.73
128.00 137.50
378.49 359.01
0.00 0.00
