0.00 0.00
0.00 0.00
0.00 0.00
236.21 232.32
0.00 0.00
0.00 0.00
0.00 0.00
304.72 334.01
226.65 245.65
0.00 0.00
0.00 0.00
0.00 0.00
0.00 0.00
0.00 0.00
0.00 0.00
90.39 103.43
0.00 0.00
0.00 0.00
0.00 0.00
0.00 0.00
0.00 0.00
277.16 281.30
0.00 0.00
0.00 0.00
164.53 184.99
236.95 199.69
93.01 50.48
0.00 0.00
0.00 0.00
0.00 0.00
0.00 0.00
0.00 0.00
0.00 0.00
0.00 0.00
304.57 360.98
0.00 0.00
275.43 269.72
0.00 0.00
174.34 177.92
166.48 112.31
0.00 0.00
0.00 0.00
0.00 0.00
0.00 0.00
285.91 253.08
274.17 280.15
0.00 0.00
0.00 0.00
0.00 0.00
124.98 123.03
0.00 0.00
0.00 0.00
0.00 0.00
0.00 0.00
0.00 0.00
0.00 0.00
155.83 114.05
0.00 0.00
265.08 293.07
0.00 0.00
128.75 106.50
104.35 127.70
275.74 227.90
0.00 0.00
0.00 0.00
0.00 0.00
0.00 0.00
0.00 0.00
180.08 129.39
0.00 0.00
0.00 0.00
42.86 66.91
0.00 0.00
102.95 94.06
0.00 0.00
0.00 0.00
0.00 0.00
225.06 185.15
0.00 0.00
0.00 0.00
0.00 0.00
0.00 0.00
0.00 0.00
0.00 0.00
0.00 0.00
0.00 0.00
199.33 197.17
0.00 0.00
0.00 0.00
288.81 300.77
0.00 0.00
0.00 0.00
264.41 303.94
158.60 172.30
320.57 282.13
269.42 268.89
0.00 0.00
316.00 296.37
0.00 0.00
219.37 272.93
0.00 0.00
209.84 162.00
61.70 103.64
227.49 257.56
0.00 0.00
0.00 0.00
98.63 149.33
0.00 0.00
296.91 251.60
0.00 0.00
0.00 0.00
173.69 163.49
0.00 0.00
0.00 0.00
0.00 0.00
0.00 0.00
0.00 0.00
267.01 246.06
0.00 0.00
0.00 0.00
0.00 0.00
0.00 0.00
0.00 0.00
0.00 0.00
139.46 151.95
0.00 0.00
0.00 0.00
0.00 0.00
0.00 0.00
245.76 243.49
0.00 0.00
0.00 0.00
0.00 0.00
0.00 0.00
0.00 0.00
153.45 196.15
0.00 0.00
229.66 189.19
322.43 310.75
0.00 0.00
177.11 122.86
192.51 169.47
0.00 0.00
0.00 0.00
0.00 0.00
0.00 0.00
0.00 0.00
0.00 0.00
129.69 135.84
0.00 0.00
0.00 0.00
0.00 0.00
0.00 0.00
277.09 330.99
0.00 0.00
0.00 0.00
0.00 0.00
0.00 0.00
0.00 0.00
0.00 0.00
0.00 0.00
0.00 0.00
0.00 0.00
0.00 0.00
0.00 0.00
70.79 78.91
0.00 0.00
0.00 0.00
0.00 0.00
244.23 260.71
0.00 0.00
257.07 246.79
0.00 0.00
0.00 0.00
178.85 138.05
0.00 0.00
0.00 0.00
0.00 0.00
0.00 0.00
140.60 160.14
0.00 0.00
0.00 0.00
0.00 0.00
0.00 0.00
0.00 0.00
0.00 0.00
0.00 0.00
66.85 31.70
101.20 98.33
0.00 0.00
0.00 0.00
0.00 0.00
62.57 105.66
0.00 0.00
0.00 0.00
123.00 178.31
0.00 0.00
0.00 0.00
0.00 0.00
0.00 0.00
390.27 361.59
0.00 0.00
0.00 0.00
193.22 240.90
0.00 0.00
0.00 0.00
0.00 0.00
0.00 0.00
0.00 0.00
0.00 0.00
0.00 0.00
0.00 0.00
0.00 0.00
38.00 64.03
0.00 0.00
0.00 0.00
333.44 309.54
0.00 0.00
0.00 0.00
0.00 0.00
369.22 387.43
0.00 0.00
0.00 0.00
0.00 0.00
0.00 0.00
0.00 0.00
0.00 0.00
0.00 0.00
0.00 0.00
62.23 13.30
0.00 0.00
0.00 0.00
0.00 0.00
0.00 0.00
0.00 0.00
0.00 0.00
29.53 20.63
0.00 0.00
0.00 0.00
0.00 0.00
0.00 0.00
0.00 0.00
0.00 0.00
0.00 0.00
0.00 0.00
92.21 140.69
0.00 0.00
199.29 200.25
0.00 0.00
0.00 0.00
0.00 0.00
0.00 0.00
0.00 0.00
0.00 0.00
0.00 0.00
270.32 241.13
0.00 0.00
